CLS00499,95,10,8,0.4097073550563275
CLS01232,183,38,29,0.4103926972620351
CLS00393,317,239.5,67.5,0.1159061612426399
CLS01216,292,20,9,0.242063547117146
CLS01564,151,46.1666666666667,101.833333333333,0.9064591052261778
CLS00026,339,38,13,0.1597498004811633
CLS01355,195,99,15,0.07731267772568269
CLS00204,253,236.416666666667,207.583333333333,0.3121922389211404
CLS00972,419,57,14,0.09132244380647356
CLS00986,272,29,13,0.2431648672566094
CLS01722,44,3,2,0.2265999338827024
CLS01769,195,36.5,55.5,0.5819177433819538
CLS00278,249,72.1666666666667,46.8333333333333,0.2837158300878025
CLS01306,164,43,18,0.1606210182131267
CLS01491,802,324,121,0.1572538743852605
CLS01772,100,17,13,0.384399158439182
CLS01621,80,20,21,0.4060238521351294
CLS00126,480,228.5,49.5,0.1066288303245308
CLS01289,284,36,26,0.3174212676829601
CLS00889,270,20,24,0.3609114135354949
CLS00897,138,20.1666666666667,40.8333333333333,0.8353379198701761
CLS00404,204,90,14,0.09064301372402379
CLS00794,246,66,22,0.1240668440205033
CLS00781,214,5,12,0.9224234840958213
CLS00260,101,9,2,0.2097379074193851
CLS00155,232,10,5,0.2507079361565786
CLS00977,226,47,17,0.1735231772256462
CLS00608,370,53.5,27.5,0.2582184262590014
CLS01854,645,391.166666666667,182.833333333333,0.2238249122331868
CLS01781,380,75,22,0.1429995448670451
CLS00983,319,19,8,0.2277794257472945
CLS01001,652,51,45,0.4341230897214979
CLS00074,88,4,5,0.7207391194289599
CLS01054,271,31,23,0.3813924237423377
CLS00878,77,5,5,0.452120879765566
CLS01701,235,14,10,0.3685167124218284
CLS00264,178,3,6,0.9446991649131706
CLS00680,196,19,3,0.07721735357296941
CLS00559,442,128,73,0.2542452854243953
CLS01725,477,90.5,70.5,0.3696724391212629
CLS00478,216,65,32,0.274419738411587
CLS01113,229,67,16,0.2042565128639363
CLS00661,268,107,84,0.3340217555456413
CLS01186,429,110.5,37.5,0.1523567687956436
CLS00407,182,40,26,0.3457529305615196
CLS01413,309,54.5,22.5,0.183097767200384
CLS01711,218,54.6666666666667,17.3333333333333,0.1803437356950476
CLS00494,355,97.5,39.5,0.1871946897901529
CLS00270,219,23.5,23.5,0.442077172236914
CLS00784,165,8,8,0.4094479988697665
CLS01279,280,90,77,0.2867660484552508
CLS01325,79,5,2,0.2343480187691016
CLS00624,89,8,6,0.3424422119397352
CLS00013,234,102,32,0.1437713204393208
CLS01226,127,12,6,0.2541830058824737
CLS00218,152,40,32,0.3362119977407443
CLS00295,231,161,80,0.1846135938313253
CLS00382,199,56.1666666666667,31.8333333333333,0.2207358447665904
CLS01441,279,153.5,9.5,0.02284056911251963
CLS01133,117,30,5,0.09868251176085191
CLS01591,594,291.5,136.5,0.2063827024539719
CLS01577,236,23,7,0.09786258587656027
CLS00690,311,25,21,0.3500730491411353
CLS00518,211,44,17,0.2368395141625826
CLS00852,334,260.5,57.5,0.07072535408083308
CLS01400,145,32,13,0.1657363388232114
CLS01642,397,26,16,0.2727196658904258
CLS00049,275,42,27,0.24190162458513
CLS01847,94,5,6,0.240457181691929
CLS01796,573,123,60,0.2259552408490308
CLS01048,141,46,13,0.1467508587071256
CLS00170,197,42.5,25.5,0.2699654433070765
CLS00916,359,188,25,0.0646223792192096
CLS00712,178,13,16,0.5088899680650081
CLS01685,206,28,9,0.1884656045130489
CLS00469,479,250.5,82.5,0.1391553640172241
CLS01543,150,11,14,0.5248671903108186
CLS00777,340,42,21,0.1941266000836443
CLS00051,283,7,17,0.7162670087216892
CLS00297,332,249,33,0.0490158152171349
CLS01188,158,74,44,0.2415620797202276
CLS00320,329,27,23,0.3406216993764455
CLS01619,250,23.8333333333333,33.1666666666667,0.5057214242294477
CLS01275,85,9,10,0.8452289684609686
CLS00785,551,36,54,0.6539158425497775
CLS00185,637,1019.66666666667,74.3333333333333,0.03935974263195468
CLS00568,790,451.666666666667,155.333333333333,0.1480090584096327
CLS01130,245,66,23,0.1541600549199758
CLS01680,388,68.3333333333333,24.6666666666667,0.1511208622457116
CLS00328,283,238.5,111.5,0.1952586564638927
CLS01086,666,476,44,0.03875207295877928
CLS01175,583,109,87,0.3891035276288669
CLS00892,104,8,6,0.3569331726288963
CLS01472,231,61,15,0.135644372007948
CLS01542,156,74,33,0.2619125213452739
CLS00841,212,85,25,0.1328920395511518
CLS00506,449,337.833333333333,299.166666666667,0.3578106251871741
CLS00519,175,28,11,0.17559586552637
CLS01041,492,276.5,102.5,0.1709030494496049
CLS00220,649,173.5,49.5,0.1416180623952939
CLS01538,247,167.5,74.5,0.1949715393783555
CLS00875,288,65,62,0.4056845315228859
CLS00237,101,11,1,0.05602162221017239
CLS01035,87,1,2,0.5678527674286176
CLS01055,291,107,40,0.1599613118832871
CLS00811,1033,457,242,0.2208079661176875
CLS01132,523,289,51,0.07308828650992916
CLS01490,311,64,47,0.3337768055430714
CLS01108,217,13,28,0.9072029489664593
CLS00778,234,21.6666666666667,80.3333333333333,1.193347430792
CLS01319,170,44.5,43.5,0.3820850473479321
CLS00746,236,61,121,0.4749298800527045
CLS01235,162,60,62,0.3506073684490318
CLS01812,225,83,31,0.161047391348307
CLS01476,205,56,14,0.1174891306279437
CLS01081,171,119.5,47.5,0.1548742401479835
CLS00474,560,257.666666666667,132.333333333333,0.2200142742445485
CLS00871,551,59,56,0.3776710929711538
CLS00876,201,18,32,0.725532603271325
CLS00301,419,52,31,0.3005169966918661
CLS01223,245,59.5,49.5,0.3428051972895326
CLS00578,201,144,32,0.08398265909898646
CLS00128,181,8,11,0.5312717385228016
CLS00584,238,484.5,122.5,0.1074366243833116
CLS00423,123,33,12,0.1360287837313464
CLS01271,459,77,21,0.1616812113035604
CLS01202,363,136,59,0.2069206752160032
CLS00763,426,152.083333333333,199.916666666667,0.3980978711310127
CLS01762,496,73.0833333333333,119.916666666667,0.5535561602015406
CLS01407,168,32.5,16.5,0.216974571330372
CLS01811,299,200.5,66.5,0.119852029084697
CLS01385,337,157.25,86.75,0.2286082768256095
CLS00385,385,300.5,71.5,0.09653216248534867
CLS01697,528,80.25,55.5,0.3001006912510285
CLS01354,126,36,6,0.0800106565152906
CLS00662,210,60,35,0.2287529683013752
CLS00790,146,44.3333333333333,20.6666666666667,0.1580674371204894
CLS00744,752,76.5,100.5,0.4751442987682615
CLS00799,388,262.166666666667,106.833333333333,0.1514100104554497
CLS01684,194,28,21,0.3367417553533808
CLS01117,235,41.5,23.5,0.2408060561251012
CLS00660,174,61,18,0.1104325344540387
CLS00251,98,6,2,0.1504431531236914
CLS00886,206,24.25,40.5,0.5104775082269131
CLS01227,262,19,16,0.5105315673649838
CLS00551,447,117,44,0.1612928959071882
CLS00603,84,7,10,0.8793803891445191
CLS00505,268,194.166666666667,58.8333333333333,0.1192700001573744
CLS01310,1040,267,185,0.3391075958222836
CLS00583,345,821.916666666667,187.083333333333,0.09035615463820811
CLS01414,172,52,21,0.1904084172868949
CLS01280,480,80.5,70.5,0.3576276735733346
CLS01347,450,40,44,0.621357087773697
CLS00819,43,3,2,0.276716086586421
CLS01366,376,28,3,0.0575402560922496
CLS01793,450,91,28,0.1456078434670906
CLS00248,102,5,2,0.1639165986851249
CLS01273,201,28.5,26.5,0.3199974440660909
CLS00869,582,54,38,0.3049226906064153
CLS00068,453,24.4166666666667,29.5833333333333,0.318536380340546
CLS01234,486,288,47,0.07420003991095427
CLS00890,479,33,45,0.7048022018493089
CLS01345,282,42,20,0.2298153818906599
CLS00169,303,83,79,0.3616910778915695
CLS01372,447,297,72,0.1144875764698074
CLS00079,180,5,12,1.00071945212674
CLS01281,337,31,49,0.6114546786496122
CLS00622,260,90,31,0.1757822501426593
CLS01819,687,126.833333333333,64.1666666666667,0.2403313214470852
CLS00796,671,233,100,0.1810798976853276
CLS01531,73,10,10,0.5371442357286074
CLS00721,679,224,88,0.1685348154539441
CLS01798,148,9,10,0.5205678771914708
CLS00495,183,42,16,0.137571113792333
CLS01647,949,327.25,417.75,0.3800128283778718
CLS01072,269,75,15,0.07523249474605713
CLS01259,303,83,30,0.1311553776534724
CLS00360,536,562.333333333333,199.666666666667,0.1709325855007865
CLS00122,719,214,116,0.2473566829824076
CLS00810,757,72.5,88.5,0.4862741176324223
CLS01011,148,21.5,21.5,0.3135313908688955
CLS01550,496,42,36,0.3909147244147821
CLS00443,480,199,54,0.1281059288831911
CLS00353,316,412,70,0.07954666591369251
CLS01533,177,44.6666666666667,102.333333333333,0.8496362252429225
CLS00252,277,20,7,0.2679031554143874
CLS00921,324,146,29,0.1067934914705298
CLS01386,339,121,43,0.1712504755314021
CLS01330,395,129.5,63.5,0.2313919673429733
CLS01381,112,24,11,0.3194242980043717
CLS00534,883,1135.25,319.75,0.1133646126509424
CLS00143,388,125,60,0.2328766694914016
CLS00289,432,73.5,69.5,0.2890472999836969
CLS00987,298,61.1666666666667,33.8333333333333,0.2961069704958165
CLS00786,64,10,5,0.2911467482919839
CLS01311,388,83.8333333333333,66.1666666666667,0.3510149212030755
CLS01654,540,216,35,0.07207904273894412
CLS00560,293,39,7,0.1263784556181944
CLS01496,365,340.166666666667,166.833333333333,0.1923086998048895
CLS00209,353,161,35,0.109014847235891
CLS01249,520,158,37,0.1124445074693901
CLS01469,389,237.166666666667,142.833333333333,0.2570766065621338
CLS00795,303,95.5,41.5,0.1846611436339082
CLS01618,318,20,30,0.679237576303826
CLS00607,194,17,11,0.2883379403205319
CLS01424,265,62.0833333333333,62.9166666666667,0.3589614505913405
CLS00217,423,93.75,91.25,0.3338072569942633
CLS00236,139,34,5,0.06989404518602857
CLS00428,74,2,3,0.6205556186660433
CLS01065,248,14,17,0.4081644602528194
CLS01775,338,138.5,61.5,0.1962721691848473
CLS00748,306,131,33,0.1049204004870425
CLS00828,419,219,29,0.05798774453292806
CLS00061,185,14,27,0.7359327746704764
CLS00541,375,55,27,0.2184719960802305
CLS00849,185,23,18,0.4420899624587939
CLS01120,269,24,24,0.5040937577556204
CLS01015,468,161.833333333333,151.166666666667,0.3438169023370926
CLS00486,398,25,12,0.3010760615260537
CLS01071,91,7,4,0.1951399002862701
CLS00249,208,27,6,0.09388032594253061
CLS01327,96,7,7,0.6738131516600275
CLS00050,181,18,8,0.1417389993458957
CLS01043,105,56.5,13.5,0.1001887314798373
CLS01537,598,456.583333333333,146.416666666667,0.177202242505131
CLS01096,328,60,32,0.2292211801474166
CLS01629,264,70,18,0.1115990472513174
CLS00679,216,16,8,0.2334694568902487
CLS01744,64,3,7,0.63255365103804
CLS00817,271,101,26,0.1282411162464271
CLS01806,250,38,15,0.1983345494367159
CLS01750,883,157,50,0.1542026128035759
CLS01307,161,24,43,0.691006037821382
CLS01382,223,59.5,24.5,0.1572187194413112
CLS01316,490,235.5,129.5,0.2186385094812858
CLS01505,302,99,35,0.2040955626831807
CLS00793,369,25,19,0.3098054393419844
CLS00208,457,72,43,0.3079735235171514
CLS01067,346,38,7,0.09348377056583147
CLS00076,40,2,4,1.972813104495533
CLS01571,255,66.1666666666667,81.8333333333333,0.5655912029696989
CLS00184,151,114.166666666667,137.833333333333,0.4828985605104534
CLS01350,322,116,32,0.1295689257276224
CLS01411,251,36,19,0.2907936191447593
CLS01754,660,117,68,0.2638256555861659
CLS01627,173,39,11,0.1824805124416281
CLS01284,289,33,18,0.2384111827100021
CLS00038,308,40,27,0.2351389189457231
CLS00830,361,32,44,0.639306077546739
CLS00724,308,26,31,0.4545862936375796
CLS00304,602,668.5,133.5,0.09340500759896833
CLS01178,289,24,13,0.2921429703618771
CLS00004,166,11,4,0.1881552176276367
CLS01746,469,46.1666666666667,83.8333333333333,0.5285752591139217
CLS01078,183,10,10,0.3882459206507737
CLS01601,141,41,19,0.2412799737619283
CLS01387,371,213,132,0.2997036121580351
CLS00837,631,232.666666666667,254.333333333333,0.3962225797400362
CLS00137,252,25,19,0.3268530684597059
CLS01843,567,99,28,0.1552183386640417
CLS01794,229,51,13,0.1244620613721017
CLS00036,432,41,43,0.4671141757946934
CLS01064,265,37,27,0.3281465783762132
CLS01429,457,99,44,0.1543909650419832
CLS00274,313,11,7,0.2672753662583622
CLS00402,427,133,47,0.1765732627086293
CLS00183,373,297,75,0.1221318092154249
CLS01176,574,283.833333333333,178.166666666667,0.2677704765915538
CLS00906,407,97,58,0.2157815450226118
CLS00326,440,1146.83333333333,644.166666666667,0.2409260729060415
CLS00029,470,166.833333333333,151.916666666667,0.3536679971215447
CLS01039,253,26,18,0.2564211804491849
CLS00033,666,88,87,0.323157046081216
CLS01182,490,53,32,0.3200044260615243
CLS00007,422,84,84,0.4295539020025961
CLS00881,286,31,25,0.4166203135019507
CLS00681,95,17,0,0
CLS01742,290,19,13,0.2295955914410412
CLS00529,84,17,5,0.2418795714733389
CLS00048,279,22.5,25.5,0.448235476055833
CLS00602,185,27,24,0.4352077384134079
CLS01057,446,36,63,0.8656073505605365
CLS00798,145,83,67,0.3119862170517506
CLS01380,209,70,24,0.1533085312438311
CLS00520,378,39,19,0.3247378855846739
CLS00634,409,164.166666666667,124.833333333333,0.35184286124014
CLS01487,659,259.166666666667,91.8333333333333,0.1382124720362453
CLS01288,115,10,19,0.6066418461455286
CLS00299,252,30,16,0.3380274106000018
CLS01657,478,217.5,68.5,0.12240285358725
CLS00070,82,2,6,1.137506230453495
CLS00309,693,89.5,19.5,0.1020244155213322
CLS01371,438,232,57,0.1181945812093402
CLS00099,148,20,9,0.150213822353461
CLS00879,784,187,110,0.3228946208430546
CLS00394,335,285.5,185.5,0.2932748316009313
CLS01314,653,455.166666666667,260.833333333333,0.1892052478374615
CLS00747,244,72.5,28.5,0.1503222728751504
CLS01615,354,23,18,0.4305906246315968
CLS00203,408,252.583333333333,118.416666666667,0.1941617914284929
CLS01552,188,7,12,0.6098712583413468
CLS01260,74,12,3,0.1297135514526199
CLS00719,233,55,7,0.06481307022012896
CLS00429,324,45,12,0.1293888578889295
CLS00524,116,15,7,0.2927267628681599
CLS00701,513,63.1666666666667,51.8333333333333,0.4074745488133925
CLS01201,163,29,11,0.1704868082405204
CLS00626,241,93.9166666666667,88.0833333333333,0.4022674716745158
CLS00720,419,77.8333333333333,46.1666666666667,0.1963454054879936
CLS00285,248,29,15,0.1662383102429107
CLS01037,719,164,37,0.1198315403982766
CLS01305,557,61,78,0.5169645496017455
CLS00034,182,13,7,0.1982977360749902
CLS00697,201,18,8,0.2166852735543321
CLS00975,286,17,15,0.3722333255293568
CLS00477,192,26,11,0.2022177044540284
CLS00818,301,65,27,0.1698464972233345
CLS01392,210,12,5,0.1767852652751613
CLS01220,133,7,3,0.1713024264782993
CLS01183,328,49.5,42.5,0.3931761463989458
CLS01091,429,204.833333333333,190.166666666667,0.3790766991497801
CLS01199,496,194.166666666667,138.833333333333,0.2737368024967067
CLS01060,292,62,60,0.4186168242257302
CLS00384,117,45.75,30.25,0.1839826832015402
CLS00788,420,155.5,41.5,0.1229069528254376
CLS00918,200,123,75,0.2359152884019816
CLS00472,182,22,10,0.2338635161592423
CLS00539,613,109,121,0.3273400207958836
CLS01751,136,23,13,0.3468427628401066
CLS01779,383,114,31,0.1104326376968873
CLS00100,185,35,40,0.3535926602857876
CLS01832,587,63.5,62.5,0.4478282615326801
CLS01613,147,31,24,0.2753374446774364
CLS01370,413,123,49,0.1521802282349806
CLS01189,427,251,99,0.161492563982596
CLS00331,130,17.5,10.5,0.2867541074804648
CLS01027,456,51,39,0.3525575539917316
CLS01532,104,12,9,0.2079758609781625
CLS00843,105,37.5,10.5,0.154522900766436
CLS01553,56,3,1,0.1299654636519966
CLS00675,398,151.666666666667,107.333333333333,0.228932230261175
CLS00232,353,134.5,39.5,0.1416472773839493
CLS00546,749,280,122,0.1943909125303566
CLS01066,841,66,28,0.2273820275622343
CLS01724,171,12,10,0.3211246708487659
CLS01073,455,81,30,0.2013852701786021
CLS01623,189,67.5,17.5,0.1125934849253616
CLS00263,132,7,4,0.4738465307249515
CLS00887,160,9,15,0.6311715099942571
CLS01342,629,383.5,109.5,0.1292150096545863
CLS01681,418,105.5,66.5,0.2817170243812011
CLS00161,539,148,22,0.09248928748496943
CLS00213,560,235.5,95.5,0.1729813813618821
CLS01458,837,154.5,39.5,0.1283509182681088
CLS00998,643,377,139,0.1794044153267356
CLS00912,311,115,37,0.1159243976696625
CLS01656,132,72,25,0.1382785807180882
CLS00731,848,109,53,0.261815004844101
CLS00325,343,996.5,375.5,0.1454755999441035
CLS00792,413,24.5,37.5,0.5048727017585503
CLS00651,496,118,33,0.1333800372129785
CLS01640,498,30.5,35.5,0.3416355822405818
CLS01650,459,180.166666666667,69.8333333333333,0.1394715886703799
CLS01109,119,56,11,0.08798599372021451
CLS00611,194,40,40,0.3840850664091942
CLS00962,270,125.666666666667,48.3333333333333,0.157805343039962
CLS00444,488,177,70,0.1905437004269853
CLS00424,459,86.5,43.5,0.2500787105137169
CLS00253,93,4,1,0.1596692382734629
CLS01074,238,36,10,0.108222001250055
CLS00543,801,744.5,286.5,0.1565454381694837
CLS01813,180,88,110,0.5206378291982136
CLS01859,562,405,326,0.3456994672996658
CLS01620,321,17,47,0.8881426925152033
CLS00708,239,23,16,0.3916600933825856
CLS01277,305,95,31,0.1546339350138236
CLS01309,212,48.3333333333333,52.6666666666667,0.3920913682554875
CLS00174,624,272,44,0.08365858794261662
CLS00102,188,76.5,14.5,0.08018503496884918
CLS00610,566,165.333333333333,83.6666666666667,0.2241114362415809
CLS01421,930,798.666666666667,216.333333333333,0.1186389222996575
CLS01485,149,51.5,22.5,0.1648823395324325
CLS01021,356,47,27,0.2140117375159633
CLS01818,418,66,26,0.1767341860234427
CLS01830,328,46,13,0.1272456685408177
CLS01467,239,205.666666666667,117.333333333333,0.1988923533580119
CLS01710,220,93,44,0.2118024119162312
CLS00073,1176,127,125,0.4528925243684961
CLS01644,284,164,119,0.1538916124119514
CLS00254,114,8,5,0.2639340889697697
CLS00840,265,88,43,0.2211711299421451
CLS01492,104,11,2,0.06919349935827561
CLS01777,121,24,12,0.2371559814750362
CLS00292,362,47,21,0.138320052609338
CLS00698,176,12,7,0.3465143626298015
CLS01651,258,111.833333333333,80.1666666666667,0.2774460071790643
CLS00104,339,29,9,0.1161093634649573
CLS00709,112,5,2,0.3229296613026909
CLS00924,543,277.666666666667,131.333333333333,0.1938209829714144
CLS01791,144,16.5,42.5,0.7517913638606991
CLS01436,285,242,67,0.1281844650991013
CLS00222,401,36.75,44,0.4233845734358313
CLS00527,81,24,5,0.1053750027204373
CLS00503,109,40.5,38.5,0.3279889109424999
CLS00736,816,102,90,0.4435837287207726
CLS01603,392,270,97,0.1832235265017383
CLS00599,119,36.6666666666667,32.3333333333333,0.4075143410471048
CLS00255,217,5,3,0.3472156882422709
CLS01127,519,167,127,0.3161216653253163
CLS01080,175,60,24,0.1477348548966389
CLS00880,155,8,3,0.2190544030646484
CLS00547,288,85,45,0.257138880733764
CLS00458,254,87,15,0.07525841568367757
CLS01195,225,11,21,1.096081316854953
CLS00124,235,27.5,15.5,0.3661201978757117
CLS00314,413,309,67,0.0926180897228617
CLS00489,448,117,33,0.132092172931065
CLS00963,586,202,115,0.2439476533819605
CLS00027,252,152,29,0.09054907667313318
CLS01699,179,20,22,0.3860856517417393
CLS01118,495,39,46,0.5133401097771397
CLS01448,445,86,63,0.2191375658803184
CLS01390,797,548.166666666667,133.833333333333,0.1075450733992819
CLS00191,227,436.666666666667,117.333333333333,0.1232306119774499
CLS01088,721,123.5,35.5,0.1156451502331652
CLS01694,275,32,54,0.6562746773852388
CLS01116,340,51,27,0.239480754194263
CLS01539,320,539,130,0.09939351197165149
CLS01282,360,44,37,0.3992742429335816
CLS01765,276,17,14,0.3300297859156672
CLS01300,164,7,7,0.4929267330738192
CLS01790,425,59.5,61.5,0.3833375559823155
CLS01426,179,64.5,32.5,0.1541588606117634
CLS01409,212,13.3333333333333,26.6666666666667,0.904958609617988
CLS01410,646,208.5,69.5,0.1369219133015461
CLS00619,417,132.5,55.5,0.2126086709863336
CLS00895,196,45.5,30.5,0.3049289564582655
CLS00968,72,19,37,0.7272108582600867
CLS00556,215,26,13,0.222266827452035
CLS01704,308,67,26,0.1674663390699445
CLS00101,420,172,25,0.05646652490026757
CLS00053,416,39,52,0.5055736587938517
CLS01193,355,110,40,0.1592606446156465
CLS01125,209,7,11,0.7012890439796987
CLS01262,266,35,18,0.2694985551333638
CLS00265,121,21.5,50.5,0.7017889654729426
CLS00135,432,41,13,0.1869805355533046
CLS01396,660,85,41,0.2386136962180993
CLS01671,136,8,17,1.118578440776131
CLS00308,156,10,2,0.09809564319042256
CLS01839,429,254.5,96.5,0.2173613259381883
CLS01324,466,61.5,48.5,0.3210120141869502
CLS00565,240,142.5,69.5,0.224120076097088
CLS01367,191,27,25,0.3528553680796828
CLS00436,288,48,15,0.1313402319807731
CLS01846,448,109,35,0.1146846962943508
CLS00464,785,116,16,0.0755269974093405
CLS01570,199,60,65,0.4629750042177405
CLS01481,321,89,29,0.1267062150322872
CLS01850,60,0,5,45.61614159141418
CLS00632,450,129,69,0.2542516986753885
CLS01107,218,24,34,0.6063699468972822
CLS01748,115,7,7,0.2931971001351179
CLS00303,459,168.5,68.5,0.1736167860305049
CLS00772,213,48,17,0.1366876132669435
CLS01326,156,21,9,0.1953313871842756
CLS01302,66,2,0,3.632349630444124e-15
CLS00544,336,86,128,0.4927845495700948
CLS01632,671,164.833333333333,122.166666666667,0.3194535248517311
CLS01752,147,13,16,0.5185083475975515
CLS01191,367,87,40,0.2331389871364729
CLS00689,230,57,9,0.06686335978201789
CLS00908,125,23,9,0.1376681108141371
CLS00246,196,133,20,0.07156599651505249
CLS00760,306,29,23,0.3223429629334368
CLS00586,229,24,8,0.2016547410139505
CLS00685,254,61,20,0.1457417944499808
CLS00671,314,299.5,83.5,0.1337419870074051
CLS00764,220,54.5,41.5,0.2724071571987354
CLS00532,187,165.833333333333,159.166666666667,0.4103411881459422
CLS00431,243,21,15,0.3246459933163552
CLS01368,262,21,8,0.1326312954162179
CLS00433,161,11,3,0.1003978687477421
CLS01136,268,224.166666666667,65.8333333333333,0.1423932633227153
CLS00737,407,42,15,0.197707216666402
CLS00919,143,71,62,0.3001246018956626
CLS00408,778,304,114,0.2091623489524894
CLS01470,157,18,3,0.115191190244879
CLS00525,259,152.916666666667,105.083333333333,0.238659954550373
CLS00456,416,71,16,0.1004750529986539
CLS01077,247,12,31,0.9773541608540657
CLS01437,298,356,89,0.09046565936413106
CLS01622,240,89,14,0.09826658508578506
CLS00738,184,10,14,0.6098686588793087
CLS01637,308,18,11,0.3191590551721865
CLS00620,207,54,35,0.276613296553782
CLS01321,99,18,11,0.2271450788980542
CLS00838,376,109,47,0.1735280760461914
CLS00996,289,34.5,36.5,0.3179346426710155
CLS00140,301,24.25,18.75,0.3406442861267857
CLS01753,99,13,14,0.342874761599975
CLS00449,121,6,0,0
CLS01358,168,267.833333333333,126.166666666667,0.1749341120861651
CLS00920,421,307,63,0.09132994890597419
CLS00800,404,199,42,0.07701839016928401
CLS00045,164,31.5,27.5,0.3084504730919811
CLS01332,182,55,27,0.2023492151976189
CLS01795,588,136,54,0.1856402324906631
CLS00580,194,60.5,34.5,0.2028584020983984
CLS00065,159,8,3,0.1506197849097629
CLS01292,409,88,76,0.4322225670353469
CLS01655,94,38,13,0.1838014799454535
CLS01331,169,42.5,28.5,0.3102787952602657
CLS00445,100,2,18,3.16583463709622
CLS01610,506,227,86,0.1547527827398754
CLS00693,447,56,34,0.2530734261345795
CLS00354,108,77.5,48.5,0.1543283777246294
CLS01628,323,100.666666666667,56.3333333333333,0.2343681058138657
CLS00577,271,179,61,0.1682014655597873
CLS00215,193,41.5,61.5,0.5858195476807159
CLS01203,257,142,31,0.08167493281696794
CLS01776,313,137,45,0.159061109275602
CLS01442,323,172,19,0.04236532569586287
CLS00233,132,14,3,0.103491364513014
CLS00047,264,16,7,0.1939450605932979
CLS01471,121,24,9,0.1656043743972747
CLS01702,246,54.5,38.5,0.2825083485214352
CLS01102,119,18,26,0.6612159755575394
CLS01274,414,51,31,0.3314759008202879
CLS00826,491,235,54,0.09932174629111895
CLS00113,77,18,6,0.1954739264666784
CLS01206,316,73.5,26.5,0.1803801625166437
CLS00623,322,94,9,0.04715911245236717
CLS00481,200,11,6,0.4634823243926967
CLS01450,1134,858.916666666667,902.083333333333,0.2556460686922229
CLS01438,214,254.833333333333,110.166666666667,0.1427630317511593
CLS01503,368,153.5,53.5,0.1869573678758069
CLS00159,319,67,10,0.07801798497925334
CLS00664,131,32,15,0.2036202973019554
CLS00676,281,81,24,0.1257644696053875
CLS00163,314,188.083333333333,175.916666666667,0.3740860831775435
CLS00288,102,3,9,0.7742878285864702
CLS00522,99,9,5,0.2456415605250444
CLS01682,338,33,27,0.357019556730069
CLS01181,344,29,19,0.2621468865221381
CLS00768,352,112,41,0.1398378259096555
CLS00523,973,293,75,0.140123839987333
CLS01036,72,3,2,0.2096791570447916
CLS01504,175,73,19,0.1149174766110387
CLS00450,555,74,21,0.1344768411884885
CLS00726,232,121.5,47.5,0.1488568509524625
CLS01498,117,31.5,11.5,0.1721732174682432
CLS00550,298,65,51,0.35440184366789
CLS00893,230,23,34,0.5968567137025164
CLS00330,148,13,7,0.2131588739616576
CLS01287,577,93.3333333333333,50.6666666666667,0.1977266962792113
CLS00273,127,1,1,0.3623907463509062
CLS01408,740,205,44,0.1045900484096013
CLS01588,417,175.5,70.5,0.1735852081335707
CLS01308,444,135,41,0.1594378430176746
CLS00683,289,45.5,23.5,0.2039140223855411
CLS01715,213,33,13,0.1980955098710186
CLS01823,48,0,3,6663.095111308598
CLS00479,138,21.1666666666667,60.8333333333333,0.9214619308173273
CLS00419,440,99.6666666666667,112.333333333333,0.4611665383548072
CLS00739,190,13,23,0.8273755378020199
CLS01645,290,156.5,130.5,0.1869883566893831
CLS00138,595,91.5,57.5,0.263628441318938
CLS00572,410,129,62,0.1824084044913702
CLS00540,471,118.666666666667,71.3333333333333,0.1683711615423916
CLS01739,335,27,7,0.1284238264726484
CLS00032,150,8,7,0.2905672867369142
CLS01706,420,95,41,0.2080641650059185
CLS00160,307,71,5,0.03409103994808612
CLS00298,199,74.625,103.125,0.4904933118029952
CLS00970,436,30,28,0.4900877230101251
CLS00271,72,2,2,0.2703695134113172
CLS00521,97,15,7,0.2387199186366063
CLS00898,243,29,25,0.3329824886019842
CLS01290,209,50.5,21.5,0.1951329282269527
CLS00552,128,29,3,0.05650682009754899
CLS00718,399,105.5,68.5,0.2188964980140602
CLS01293,388,108,23,0.1028754176591207
CLS01301,238,10,6,0.2427705144238114
CLS01799,567,201,58,0.1280282082588992
CLS00037,211,20,19,0.3012306777145587
CLS00276,88,19,9,0.115252899985479
CLS01755,370,35,16,0.2268176156050885
CLS01200,884,505.5,125.5,0.1178021906567114
CLS00069,378,16,17,0.3498004459300467
CLS01211,217,25,4,0.09787841502307751
CLS00071,371,47,22,0.1629745265876651
CLS00829,375,63.5,53.5,0.3467418507497041
CLS01480,484,143,104,0.3231098483292743
CLS01264,176,27,22,0.3263430694359565
CLS01205,393,214,32,0.08955227814975779
CLS01353,296,28,18,0.378568858129167
CLS01214,302,65,12,0.07257549539476599
CLS01255,275,66.1666666666667,47.8333333333333,0.2898434375272074
CLS01269,194,20,15,0.313318667309691
CLS01172,122,7,5,0.3014211062241445
CLS01630,100,8,1,0.06410152303174639
CLS00864,195,15,5,0.1588773156107545
CLS00430,306,48,25,0.2370576058052915
CLS00769,318,81.5,17.5,0.08806074955272276
CLS01829,266,57,52,0.3505466697296096
CLS00225,197,103,21,0.1103098044869891
CLS01124,173,7,1,0.1057261284106078
CLS01824,752,105,41,0.2404662252822334
CLS00605,291,67.6666666666667,49.3333333333333,0.299877300203521
CLS01047,171,60.5,15.5,0.1300241354966764
CLS00762,196,112,105,0.2840603021870134
CLS01128,299,29,37,0.532629606498739
CLS01803,291,24,15,0.1871530667213948
CLS00851,71,17,4,0.1295006474749423
CLS00442,186,16,3,0.08440902966241791
CLS00756,171,15,57,1.829532497945327
CLS01761,93,7,4,0.1937619820825849
CLS01433,347,508.5,102.5,0.09316774043609616
CLS01299,178,7,8,0.499184224212315
CLS00459,521,238,71,0.1468989420473135
CLS01555,71,13.3333333333333,13.6666666666667,0.3297069404664124
CLS01506,186,45,13,0.1298417729974522
CLS00243,737,291,61,0.09591357245136294
CLS01291,213,43,11,0.1105614189458526
CLS00141,271,39.6666666666667,34.3333333333333,0.2774672299350495
CLS01397,330,90,76,0.3937407569966774
CLS00258,86,1,2,0.6447065941402724
CLS01447,294,30,12,0.1781764024452194
CLS00973,183,3,9,1.358053250960985
CLS01611,242,86,31,0.1099436907545739
CLS01094,1180,1440,425,0.1328689528263798
CLS01076,556,71,40,0.293795861586547
CLS01394,209,32.5,74.5,0.6506617458038574
CLS00003,234,50.5,14.5,0.1346299160801506
CLS00111,256,52,26,0.2737374003114145
CLS00517,264,25,17,0.3635679356411438
CLS01312,364,113,39,0.1535419410010546
CLS00663,275,37.4166666666667,77.5833333333333,0.5644176949077521
CLS00754,269,74,37,0.1845167868716332
CLS00493,178,62.3333333333333,138.666666666667,0.6771158272082443
CLS00901,312,92,29,0.1182924307750405
CLS00687,218,48,18,0.1276856647582723
CLS01023,567,49,62,0.6056379994473207
CLS01771,153,90.5,46.5,0.1942467566141439
CLS00751,227,113.5,27.5,0.09180677611580666
CLS00300,267,14,17,0.573166134460981
CLS00899,192,35,30,0.2659240289078947
CLS01092,542,214,62,0.1268811592006198
CLS00130,515,271,84,0.1514977526214979
CLS01782,307,16,31,0.867723653453464
CLS00427,324,28,20,0.2931670443692607
CLS00502,349,186.5,61.5,0.1641006203113019
CLS01815,232,84,19,0.1215465130859835
CLS00609,251,57,20,0.1931760083982873
CLS00434,140,15,10,0.3593590287163103
CLS01530,153,41.5,27.5,0.2812704213859131
CLS01139,124,96,35,0.1750853421312191
CLS01720,257,82.5,54.5,0.2314524288174261
CLS00961,288,24,21,0.4025622634891567
CLS01696,436,55,27,0.249458893556821
CLS00618,302,83,51,0.2388824062745404
CLS01631,541,91.5,49.5,0.2757445230617611
CLS00995,286,72,17,0.09430071988158607
CLS00874,299,38,19,0.2722925406866728
CLS00358,160,150,11,0.03664653208315894
CLS00077,422,50.5,44.5,0.3100014694319135
CLS00245,168,111.166666666667,101.833333333333,0.3225559148900907
CLS00992,114,11,4,0.1456619060200625
CLS00501,243,70,23,0.1537244995500297
CLS00835,153,16,7,0.2880663815272859
CLS00145,313,102,91,0.4230051325169577
CLS00043,259,31.5,12.5,0.17432380407047
CLS00703,82,3.5,17.5,1.821193057510361
CLS01213,267,38,11,0.177759343919418
CLS01565,219,86.5,64.5,0.3346738462669981
CLS00221,155,27,10,0.1132519923552151
CLS01114,296,58,25,0.2278476795205041
CLS00757,242,9,18,0.8569455807526691
CLS00979,213,34,7,0.1070394770617382
CLS01179,439,29,27,0.47173804565272
CLS01346,128,16,7,0.2616659922442482
CLS01296,468,38,10,0.1241427808612818
CLS00682,386,45,32,0.2902228228674461
CLS01252,311,92,58,0.2708109053461457
CLS00406,100,19,5,0.1290095509470038
CLS01554,202,7,3,0.2020816980543892
CLS00234,189,66,34,0.2036381644796272
CLS01328,447,182,22,0.0560022117506051
CLS00302,617,225,44,0.1051227872597943
CLS00774,41,2.5,11.5,0.9825640608429015
CLS01061,424,149,44,0.1577003908640949
CLS00530,131,23,21,0.35780589835914
CLS01466,436,257,16,0.0337599438404816
CLS01134,125,52,25,0.2324848909796347
CLS01268,215,18,10,0.2965666946970562
CLS01373,260,141,36,0.1578703801255849
CLS01236,69,23.5,10.5,0.1805055680064376
CLS01058,212,16,3,0.1109486686339092
CLS00107,889,111,82,0.3275744255020884
CLS01388,265,169.5,70.5,0.1737378269971247
CLS01283,398,32,0,0
CLS01303,144,20,24,0.6286583036587555
CLS01352,325,86,34,0.1844221603640115
CLS01705,264,27,9,0.2000101957387949
CLS00569,553,200,34,0.07384234277458578
CLS01729,365,457,408,0.3308247618661117
CLS01038,320,79,13,0.07823029324265383
CLS01320,311,52,22,0.1838084124838756
CLS00317,444,115,44,0.2118161756983735
CLS00823,271,164,34,0.09149986983021539
CLS01218,257,49,27,0.2772426512120613
CLS00765,129,32,16,0.2313698151806139
CLS01649,311,62,50,0.2594495149251516
CLS00848,245,74,6,0.04754558577316336
CLS01691,1225,182,38,0.1119957313078506
CLS01456,343,54,17,0.1841419386866768
CLS01766,138,6,9,0.8890498936200245
CLS01013,1100,547,290,0.2414902416885203
CLS01787,218,51.3333333333333,66.6666666666667,0.4743439488689195
CLS00231,954,860,132,0.08339783168641954
CLS00355,750,1930.66666666667,721.333333333333,0.1222123900908141
CLS01477,307,57.9166666666667,58.0833333333333,0.4454441403742738
CLS00773,647,62,41,0.3919274648137021
CLS00387,481,320,31,0.04911508607926549
CLS00917,279,126.75,102.25,0.2810783152834818
CLS01575,333,17,4,0.06305782547285266
CLS01095,232,44,17,0.1802513052896429
CLS00967,445,31.5,34.5,0.4837029537993677
CLS01639,308,8,5,0.2294963021312889
CLS01126,180,13,24,0.8412239710624011
CLS00993,97,13,2,0.08144624287174276
CLS01482,424,172.833333333333,70.1666666666667,0.1834081252488408
CLS00058,540,83,19,0.08446636458805837
CLS00187,80,23,11,0.2560260758086598
CLS01672,202,34.5,33.5,0.3818620867505297
CLS01196,390,55,62,0.478950962860408
CLS01625,246,70.5,46.5,0.3170281722291415
CLS00850,295,54,25,0.276858792706605
CLS00831,291,62.5,22.5,0.1722719001759673
CLS01399,357,102,70,0.3043324672008197
CLS00496,607,137,29,0.1034564738101054
CLS01670,471,82.5,21,0.1136815373195278
CLS00046,272,32,21,0.2345299055872778
CLS00080,652,35,39,0.3638332305970827
CLS00627,620,71,18,0.1303947794018896
CLS01788,426,44,38,0.3696730470756101
CLS00056,492,12,15,0.4041699635831977
CLS00631,213,50,22,0.2399254751989227
CLS00960,346,24.1666666666667,49.8333333333333,0.7696823001668027
CLS01276,682,163,85,0.2344137520590872
CLS01786,392,107.666666666667,109.333333333333,0.3654363930285809
CLS01362,225,78,38,0.226200995157912
CLS00435,455,81,16,0.07631255066676532
CLS01423,294,89.8333333333333,75.1666666666667,0.2783578794649571
CLS01083,169,85.8333333333333,86.1666666666667,0.3404680488519353
CLS01233,274,100,19,0.09454931803349968
CLS01780,605,244.5,122.5,0.2054767568686241
CLS00582,446,32,21,0.2886153985306681
CLS00235,88,19,1,0.03569375780373722
CLS00269,436,22,6,0.1308163163208841
CLS01338,136,13,20,0.7311958672632913
CLS01180,245,18,13,0.2959779565051529
CLS00192,145,115.5,63.5,0.244603389411435
CLS01123,344,27,14,0.2674334444328162
CLS01099,56,13.1666666666667,10.8333333333333,0.3099079006322773
CLS01177,312,31,16,0.2506007097029717
CLS01209,423,187,82,0.1955235682790423
CLS00451,566,62,36,0.2803509758677415
CLS01828,280,25,3,0.06471535651598552
CLS00395,336,228,102,0.1860557959018825
CLS00207,284,81.5,32.5,0.2058972204043164
CLS01820,92,4,5,0.5987549786875693
CLS01042,564,742.25,266.75,0.1016330887401667
CLS01804,287,28,12,0.1724497303342405
CLS00386,483,322.416666666667,197.583333333333,0.2537653766926098
CLS01263,118,13,5,0.2058413197810548
CLS00732,246,20,4,0.1056013989440574
CLS00633,352,129,39,0.1428579893372926
CLS00453,340,18,22,0.6657685304543255
CLS01111,347,32,18,0.2379554025637829
CLS01764,328,97.5,50.5,0.2519340765277198
CLS00570,259,179,59,0.1527186435993024
CLS00266,164,5,3,0.262888629881859
CLS01617,365,31,34,0.4481213825533619
CLS01810,338,77,35,0.1861385363289666
CLS01602,500,196.833333333333,146.166666666667,0.370334328415949
CLS00286,326,41,18,0.1456407682576112
CLS01643,485,33,57,0.7907507363177605
CLS01493,208,36,11,0.1763845117737391
CLS01024,347,34,24,0.2923222345585099
CLS00725,88,23,16,0.2726765872694523
CLS01131,439,113,40,0.1695979352675265
CLS01432,457,977.5,321.5,0.1454721423463391
CLS01817,821,88,73,0.3745715037982418
CLS01053,147,11.6666666666667,13.3333333333333,0.5307468676988283
CLS01723,404,86.5,20.5,0.09718558732250272
CLS00907,364,272.833333333333,134.166666666667,0.1500248148218862
CLS01142,311,123,45,0.1375995220711244
CLS01759,221,6,21,1.470503788229494
CLS00741,575,43,36,0.3391225894533508
CLS00448,62,1,1,0.3532910731219827
CLS00226,187,83.8333333333333,62.1666666666667,0.331203551519055
CLS01695,64,14.5,11.5,0.4083005352951129
CLS01633,236,21.5,18.5,0.2801724160106294
CLS00872,165,4,10,1.332668769379013
CLS01129,187,14,21,0.5308402780649079
CLS00994,305,61,13,0.07221990283064636
CLS01137,115,19,3,0.1185049798891298
CLS00483,549,108.666666666667,142.333333333333,0.4440624230052911
CLS00694,396,31,24,0.3730199074592662
CLS01814,376,133,50,0.1745303452984718
CLS00290,812,95,37,0.128136321506975
CLS01669,238,36,10,0.1615717589634896
CLS01032,248,43,19,0.2091485075085868
CLS00305,351,206.5,75.5,0.1378413814127802
CLS00054,122,5,8,0.657510766401382
CLS00462,281,44,12,0.119951827820851
CLS01224,381,109.5,37.5,0.1803934472226051
CLS01121,1058,228,69,0.1605058821250199
CLS00359,494,527,108,0.1017726136378517
CLS00981,115,4,8,1.325620286653445
CLS00896,598,44,39,0.3981565640215368
CLS00991,104,6,8,0.5634642878450595
CLS00988,324,50,10,0.08164892131738904
CLS01612,254,26,31,0.7629220133314776
CLS01379,383,110.5,58,0.225889685872286
CLS01204,279,177,23,0.0596397848859825
CLS01229,64,0,2,361.3916067410851
CLS00776,852,101,59,0.3092143460407065
CLS01339,263,15,32,0.8368781940212991
CLS01030,222,49,22,0.191586078569175
CLS00910,193,26,8,0.1940774358767139
CLS01357,56,39,13,0.1470873533326551
CLS00323,473,702.5,145.5,0.07992776943036632
CLS01369,524,105.5,32.5,0.1699349860268816
CLS00812,335,41,58,0.6531690809489431
CLS00667,591,53,12,0.1544819895922186
CLS01807,216,26,18,0.2633080054162478
CLS00023,810,387,100,0.1283953269809171
CLS01104,345,147.5,142.5,0.3672384951801406
CLS01690,138,6.25,16.75,0.9908308314572629
CLS01228,316,37,11,0.1529418057893488
CLS00157,203,27,3,0.01705880835154559
CLS01294,337,17,22,0.5650005986407257
CLS01110,695,183,54,0.1468806634182482
CLS01816,303,31.25,45.75,0.5544706591979969
CLS01735,194,11,4,0.1614347831427164
CLS01721,339,20.1666666666667,87.8333333333333,1.613851767352274
CLS00733,444,32,16,0.2106815917247907
CLS00392,292,155.5,60.5,0.164430663958664
CLS01340,898,138,53,0.189401055910698
CLS01208,255,67.3333333333333,37.6666666666667,0.2402798674033452
CLS00475,276,69.25,37.75,0.2516181845512787
CLS00432,411,29,8,0.1453374194439346
CLS00958,409,70,23,0.1519629333564956
CLS00640,210,27,20,0.3013682543749381
CLS01774,117,65,98,0.46581186271596
CLS00780,307,16,14,0.2846050794252691
CLS00722,106,5,9,0.7282935630213314
CLS01173,166,6,5,0.2949814433730417
CLS01768,317,164.5,85.5,0.2573436212436441
CLS00959,898,125,53,0.1982536231744493
CLS01502,103,12,2,0.09413222908603487
CLS00031,450,85,20,0.0984708765324776
CLS00666,750,226.833333333333,151.166666666667,0.2769250144734903
CLS01401,282,97,50,0.2519480978091918
CLS00847,456,285.5,50.5,0.07752439724128708
CLS00224,398,32,33,0.4665532716713316
CLS00062,263,67,90,0.4809143233610105
CLS01842,113,16,2,0.07479930507813386
CLS00766,352,52,34,0.2973330215611913
CLS00750,290,151.5,103.5,0.2802938931796938
CLS01604,335,297.5,68.5,0.116869400350304
CLS00210,230,40.5,16.5,0.2097170459538444
CLS00923,324,139.5,54.5,0.1948161742496337
CLS00976,770,125.5,79.5,0.3243200697628617
CLS01315,549,123.666666666667,56.3333333333333,0.2011095432523568
CLS00214,428,199.5,96.5,0.2600776608472612
CLS00884,237,21,21,0.4718183112455157
CLS00836,295,49,25,0.2639404965752841
CLS01140,88,57,17,0.126670205583496
CLS01052,555,65,50,0.343426738017346
CLS01349,540,37.5,14.5,0.1589116210391234
CLS01665,120,11,29,1.101109621285969
CLS01454,367,87.5,56.5,0.30270767858053
CLS00832,269,55.5,31.5,0.1969627003124992
CLS01019,270,25,26,0.5525392449172484
CLS00677,185,40,8,0.1003051395405852
CLS00471,291,18,9,0.2604841734500316
CLS00888,280,30,18,0.2930268983450565
CLS01145,448,196,58,0.1254625147552459
CLS00877,399,82.1666666666667,57.8333333333333,0.2844268172097799
CLS01767,396,50,34,0.2888492989147888
CLS00844,292,226.5,57.5,0.1136344273399425
CLS01270,297,112,19,0.05292982143992486
CLS00900,463,117,51,0.1689132022956801
CLS00542,169,15,21,0.4716461754107033
CLS01119,267,25,26,0.3617300093063842
CLS00816,238,30,56,0.8447079763615741
CLS00063,441,73.75,113.25,0.5309462573716932
CLS01272,307,32,25,0.3159519955745485
CLS00752,403,106,23,0.08770284414871611
CLS01805,271,35,6,0.07531983915777241
CLS00441,129,3,9,0.8642819293493306
CLS00357,704,1612.16666666667,333.833333333333,0.08966195114494876
CLS01344,255,79,33,0.1795379176312531
CLS01573,188,18,17,0.4427477638030675
CLS00717,448,112,48,0.1994738886138966
CLS01778,352,104,20,0.09770607994504751
CLS00482,535,120,23,0.09742763092444495
CLS01641,659,20,17,0.3613076814828629
CLS01428,419,83,21,0.1030447479771225
CLS01727,346,20,8,0.2012236832257111
CLS00257,68,4,1,0.1198352789486985
CLS00446,514,221,51,0.1189356302899744
CLS00911,358,114.5,30.5,0.1005348069110503
CLS01443,442,75,21,0.1265781217995678
CLS00291,222,30,21,0.2558525120910781
CLS00268,146,0,1,3642.609748397404
CLS01737,731,110,64,0.2799024114324037
CLS00707,182,9,9,0.5727503431011399
CLS01295,139,23,3,0.1000691232213967
CLS00822,100,29,6,0.1128386289648777
CLS00606,236,10,15,0.8060365980502802
CLS01029,154,32,18,0.2570204224923045
CLS01418,230,69,8,0.07700680154934386
CLS00042,346,52,18,0.1517891919210643
CLS01351,303,138,27,0.08621374698135539
CLS01141,147,40,16,0.2946326997824741
CLS01683,172,22,21,0.4320685480626609
CLS01802,443,39,18,0.1832297151862318
CLS01845,286,35.5,28.5,0.298413924000475
CLS00322,270,254,65,0.1166123212367536
CLS01589,243,97,37,0.1818712259181065
CLS01457,343,26,17,0.2966730063698092
CLS00834,302,40,13,0.163001713595644
CLS01412,282,49,6,0.06343834214871655
CLS00639,233,72.5,43.5,0.2410628078832025
CLS00549,205,42,13,0.1455366532802254
CLS01389,225,122,62,0.2258991568025364
CLS00452,158,26,10,0.1503200500079507
CLS01087,319,171.916666666667,160.083333333333,0.3261498900278184
CLS01489,437,156,90,0.2785316008864634
CLS00787,277,26,10,0.2321722194085407
CLS01075,391,105.5,49.5,0.1829440900138895
CLS01638,355,34,24,0.3119180208930989
CLS00219,173,44,32,0.3106937712468352
CLS01497,258,93,43,0.1926897725864629
CLS01304,160,37,14,0.1767109346290038
CLS01434,198,508,32,0.0186418266507361
CLS00277,463,146,58,0.1716421992005563
CLS00055,365,25,31,0.4004871853113471
CLS01194,284,54,35,0.2950948384048349
CLS00789,408,149,53,0.143349693464426
CLS01261,247,55,22,0.1810073542772547
CLS01356,411,528,116,0.08482765293232011
CLS00971,52,3,2,0.2180067699601985
CLS00723,274,59.5833333333333,104.416666666667,0.6317549577906486
CLS00791,478,125,23,0.06545399640104282
CLS00965,120,13,3,0.120947956410202
CLS01138,109,63,21,0.1303847092689029
CLS00024,173,9,18,0.9066961014569561
CLS01719,186,88.5,27.5,0.193709971679324
CLS00885,313,19,13,0.3425733267849827
CLS01012,434,42,6,0.09543923062331497
CLS01089,246,12,8,0.2624852429933827
CLS00324,237,636.583333333333,345.416666666667,0.1808712428634753
CLS01569,407,266,36,0.07706280151920815
CLS01660,99,36,9,0.1833729268891358
CLS01230,240,24,13,0.284161581002513
CLS01831,313,45,11,0.1173201033833455
CLS00193,344,283,54,0.09135989201892654
CLS00005,425,65,80,0.4516815193418796
CLS00256,137,1,1,0.1632797774290697
CLS00275,128,6,2,0.1512929840886831
CLS01046,309,64,37,0.2402721599488477
CLS01703,92,25,6,0.113324093361679
CLS01712,292,153,42,0.1521604533695037
CLS01494,537,64.6666666666667,27.3333333333333,0.1880534357122179
CLS00625,126,7,10,0.6123495126829342
CLS00825,257,104.25,80.75,0.2892684120381322
CLS00457,79,13.8333333333333,35.1666666666667,0.847527951790472
CLS00476,167,20,10,0.2517693780938295
CLS00425,261,22,10,0.2180973582610698
CLS00500,136,9,10,0.5027388541347055
CLS00321,339,59.5,39.5,0.3217364438358141
CLS00891,181,14,16,0.528586183184917
CLS00711,79,2,6,1.092470502260894
CLS01730,245,293,111,0.1485107607058401
CLS00223,211,15,17,0.3722451988004581
CLS01050,628,201,36,0.07884813607584076
CLS00557,459,68,21,0.2251139966785903
CLS00842,296,114,45,0.1939710904212794
CLS01115,289,33,30,0.3240455431902324
CLS00284,258,14,6,0.2114814315168307
CLS00526,60,29.3333333333333,35.6666666666667,0.3688089128379937
CLS00985,223,10,12,0.7961202862820183
CLS00084,442,58,17,0.1308636892696563
CLS01713,290,89,31,0.1805257458201465
CLS01452,338,182.75,136.25,0.3014236409279378
CLS01298,510,32,31,0.4230683689720747
CLS01757,234,27,29,0.4184956191687187
CLS00710,114,8,16,0.9174566794403793
CLS00692,271,75.5,45.5,0.3207394598028747
CLS00109,336,141.5,80.5,0.2400037184714125
CLS01090,503,218,76,0.1495341128101253
CLS00044,395,107,58,0.1441919716129255
CLS01258,242,59,26,0.2207464459054583
CLS01393,90,9,0,0
CLS00616,325,145,35,0.1260232426223057
CLS00150,221,13,8,0.2985822745511161
CLS00035,224,20,27,0.5769725953928141
CLS01483,398,152,23,0.08531094782682537
CLS00030,88,8,3,0.2214048444139471
CLS00066,397,18,10,0.2013744773121144
CLS01726,320,29,29,0.4130758567542686
CLS00797,770,118,72,0.2697903306912254
CLS01225,129,8,11,0.5734538107819352
CLS01056,70,7,2,0.1006401046664106
CLS01453,671,202,98,0.239037403633858
CLS00740,648,166.5,37.5,0.1265228887843237
CLS00558,220,72,14,0.1076342584803144
CLS01736,58,1,2,0.7362917395771097
CLS00388,229,134.5,56.5,0.1884288728380255
CLS01692,1216,191,39,0.1067520366251016
CLS01488,246,39,18,0.221490229043614
CLS01848,676,112,65,0.2164495684528207
CLS00272,121,5,3,0.4311170384795693
CLS00745,76,2,1,0.3863289219125753
CLS01626,153,26,13,0.2088907932429099
CLS01435,681,1488.66666666667,438.333333333333,0.1105333894885848
CLS00002,268,56.5,10.5,0.06567661139980455
CLS00813,501,33,18,0.2393448568651566
CLS01103,89,17,20,0.5866948691093949
CLS01297,292,24,10,0.1875377046144335
CLS00279,466,82.3333333333333,175.666666666667,0.7086989167604684
CLS01374,360,130,37,0.1538285721085247
CLS01468,298,250.75,88.25,0.1354604384325717
CLS00250,207,46.75,22.25,0.186513669948609
CLS00883,612,55,58,0.5662027921159355
CLS01785,146,22.6666666666667,37.3333333333333,0.5863459200009394
CLS00327,186,196,37,0.07647532360601159
CLS00579,466,338,78,0.1315499536214221
CLS00604,713,244,79,0.1597220815407246
CLS01652,177,14,3,0.1160345128587267
CLS00989,99,12,6,0.1655146692486081
CLS00691,726,195.5,72.5,0.1461921269922544
CLS01568,258,78,60,0.3580277386437057
CLS00498,384,52,32,0.3256627078751109
CLS01659,105,60,21,0.1740448976348552
CLS01731,294,383.666666666667,187.333333333333,0.1949096080738415
CLS01801,235,20,9,0.1939079638355923
CLS00259,122,6,3,0.3609669888128579
CLS00426,144,6,3,0.2679046867844665
CLS00112,330,148.5,42.5,0.1431013069596065
CLS00974,425,46,15,0.1463171849279441
CLS00696,345,30,24,0.486296198578161
CLS00022,217,86.6666666666667,43.3333333333333,0.1126439303064648
CLS00216,156,25,14,0.2842305256714799
CLS00688,329,88,15,0.0806010404307763
CLS01844,310,104.5,67.5,0.1856579904913626
CLS01079,187,67.5,11.5,0.0572410606946328
CLS01624,244,79,21,0.1273480063405505
CLS00057,341,11,12,0.3377099448016329
CLS00085,155,16.5,9.5,0.2426037958412061
CLS01025,330,40.9166666666667,49.0833333333333,0.4450977373940994
CLS00108,145,36,22,0.2607366039004732
CLS01425,87,22,9,0.1990868249471485
CLS00307,137,11,2,0.08416359845808055
CLS01122,359,27,11,0.1866287248752893
CLS00186,559,298,33,0.05943529524690191
CLS00238,418,279.5,162.5,0.2622998329233149
CLS00420,182,31,15,0.2589346830376315
CLS00162,354,132.833333333333,31.1666666666667,0.1466229390110791
CLS01018,290,56,29,0.22096367115011
CLS00915,199,181.083333333333,59.9166666666667,0.1419268613820066
CLS01221,205,50,31,0.260951809049788
CLS01679,456,175.333333333333,100.666666666667,0.2400533803380954
CLS01770,148,93.3333333333333,90.6666666666667,0.4343936659715964
CLS00405,301,149.5,88.5,0.2772074605106608
CLS01851,49,3,0,0
CLS00585,141,21,6,0.09575678830382664
CLS00310,1463,595.75,178,0.1318121681604323
CLS00656,186,12,11,0.5257094751499394
CLS00684,318,60,29,0.1881385487145751
CLS00059,853,97.5,113.5,0.4136185457364101
CLS01364,176,43.5,10.5,0.08759459514606853
CLS00839,420,139,62,0.1965517892055118
CLS00704,90,4,1,0.1149703073427827
CLS00261,180,14,7,0.2296686526944043
CLS00229,234,100.5,31.5,0.1326563370407535
CLS01501,209,84,30,0.1673455407527174
CLS01384,70,10,7,0.2900507575754965
CLS00319,267,36,10,0.1369509359881219
CLS01821,282,37,27,0.3983550769175317
CLS01082,156,235.25,140.75,0.1916761192513501
CLS01187,282,105,59,0.2353948992390603
CLS00695,311,19,12,0.4217742227057215
CLS00356,334,707.166666666667,155.833333333333,0.08037636146504908
CLS01500,197,90,68,0.4093625977520706
CLS00381,733,1651.91666666667,714.083333333333,0.150365291740762
CLS01359,178,186.666666666667,77.3333333333333,0.1431639037343254
CLS01265,172,10,18,0.8004907067528192
CLS01212,252,12,5,0.2395386057724465
CLS01598,425,122,60,0.2032794299982942
CLS00865,66,1,0,0
CLS00867,143,29,17,0.2586010837039981
CLS00422,424,87,44,0.189136212515927
CLS01760,161,19,5,0.1198156792161647
CLS01763,207,55,44,0.3309698251705881
CLS00894,163,12,5,0.1850012564471809
CLS01085,187,11.5,29.5,0.8505157732620904
CLS00487,175,31,20,0.3663005315875422
CLS01045,326,107,25,0.1022469794594669
CLS01322,249,58,24,0.155254540847148
CLS01825,505,39,22,0.3092739035847948
CLS01427,223,44,37,0.3188430707231919
CLS01323,119,23,16,0.3172111254691706
CLS01849,335,81,55,0.2224175910884285
CLS01361,252,50.5,16.5,0.154972434955423
CLS00460,636,353.75,189,0.2381631777630802
CLS00702,267,19,22,0.491451292426994
CLS01391,255,10.75,26.25,0.7799405914909708
CLS01222,257,83,29,0.157878161229192
CLS01455,122,28,9,0.1324130356374387
CLS01257,208,36,12,0.1456968621242072
CLS00014,608,413.75,128,0.1646816675319723
CLS01253,246,73.5,42.5,0.20114428436759
CLS00665,123,14,19,0.5220941520501405
CLS00437,255,74.8333333333333,22.1666666666667,0.135597982508428
CLS00873,131,43,22,0.2337560276071737
CLS00006,79,5,4,0.5615131406547975
CLS00658,227,46,37,0.380754966867234
CLS01693,447,43.75,28,0.2762100132160544
CLS01792,486,160,55,0.1489777927468006
CLS01197,545,379.666666666667,373.333333333333,0.3877319385093893
CLS01809,161,25.5,52.5,0.811637012651058
CLS00306,1390,455.333333333333,391.666666666667,0.3341285320218674
CLS00913,479,603,88,0.07102797851040615
CLS01028,422,120,65,0.2391906229677971
CLS00964,369,100,10,0.05154532356879348
CLS00613,573,433,316,0.290064233710042
CLS01185,281,83,75,0.3616253379189558
CLS01700,330,34,13,0.2218798011983585
CLS00997,91,8,3,0.1343984023330893
CLS01192,388,56.5,24.5,0.2236504481446729
CLS01749,108,5,9,0.5632655227488621
CLS00421,300,79.5,51.5,0.2777027740315725
CLS00555,425,89,38,0.1845669565328268
CLS01827,435,18,4,0.1445596239801078
CLS00528,455,251.5,99.5,0.174367780589567
CLS01217,434,31,59,0.8540772324161119
CLS01026,322,14,23,1.010868822835514
CLS00617,279,123,31,0.1187817667449327
CLS01034,578,101,24,0.1112930141476644
CLS00267,60,3,4,0.6726140380228467
CLS01343,399,93,73,0.3359472852909543
CLS00802,388,87.5,64.5,0.3438277014185191
CLS00139,163,16,12,0.3110059805119306
CLS00240,510,94,28,0.1267972648170133
CLS00025,242,35,23,0.3973066907978391
CLS00621,309,104.5,32.5,0.1408862513354844
CLS01398,238,65.5,19.5,0.1428566781139674
CLS00866,119,11,4,0.1413049894355903
CLS01416,240,78.8333333333333,30.1666666666667,0.1644516805243525
CLS01365,269,36.75,38,0.2756673478007851
CLS00488,118,15,7,0.232803438920271
CLS00228,344,209.5,167.5,0.3300377130355182
CLS00705,79,3,4,0.5599299274682791
CLS00814,290,44,23,0.3067743539887086
CLS01574,453,372.5,106.5,0.1337659107178193
CLS00470,449,60.1666666666667,41.8333333333333,0.2783831312469818
CLS00072,189,6,12,0.6705555132782661
CLS01337,531,75,39,0.2603113909221396
CLS00352,71,54,20,0.1940339778668896
CLS00230,314,102,5,0.02620073112097554
CLS00827,286,116,14,0.06195013858489062
CLS01709,418,85,31,0.2454247406934038
CLS01446,282,33,20,0.2274913457108875
CLS01728,199,183.5,84.5,0.1838457288405807
CLS01341,394,175.5,59.5,0.1419461587486973
CLS00966,377,28,22,0.3337076259534466
CLS00067,252,13,12,0.3434958887639992
CLS01402,216,66,27,0.2042929050267484
CLS01335,242,43,45,0.4735816428118323
CLS00982,371,40,33,0.4230961104462528
CLS00735,320,28,37,0.7280589073422277
CLS01219,101,10,15,0.4975964940474917
CLS00783,400,23,18,0.2966868849903129
CLS01444,505,50.8333333333333,45.1666666666667,0.2611456327397539
CLS01486,252,55,15,0.1255037472384075
CLS01184,367,82.5,45.5,0.2076222951818159
CLS00922,205,52,20,0.1671604897895585
